1	4.00971438190685
16	3.94906856168074
9	3.90837833252327
4	3.85125790802897
18	3.75157331471123
20	3.48347065341119
26	3.31720538910537
32	3.30058736441284
33	3.27762285361223
12	3.04048072363106
113	2.83341801941757
14	2.60730268876404
143	2.56137047336785
147	2.56107644950397
144	2.53178071950542
601	2.52514204422084
146	2.45162653209182
145	2.44030425038669
6	2.43896698468888
36	2.43888063299068
23	2.42967212565611
38	2.40453681810692
15	2.3624500462906
8	2.34467345024159
2	2.34273501429018
152	2.34126612303242
10	2.33657774949082
34	2.29959173922982
25	2.28292562731119
30	2.27166556337136
5	2.17725576087231
27	2.1627245728251
49	2.14535598056659
19	2.11089117894808
100	2.09730312681438
13	2.09033152217723
31	2.09012681813283
21	2.06856869405313
24	2.04885292852321
28	2.04818108172165
22	2.02255517072238
50	1.88926624723559
185	1.87515593374691
7	1.8677077498847
110	1.82608023875522
35	1.81874602657651
577	1.65887670025597
586	1.63166170556568
158	1.62601072199259
29	1.61999937974976
588	1.61281935502313
587	1.61281935502313
265	1.61162361351526
159	1.5979456746464
220	1.51620842810317
188	1.47241738699144
184	1.46013743716163
187	1.43771100546639
11	1.41606953728579
176	1.34580899579521
151	1.32974151261964
149	1.32189125324672
150	1.32189125324672
3	1.31543860463766
17	1.31543860463766
183	1.28643888387681
179	1.28232125363722
178	1.28071788444354
177	1.27902364428865
181	1.27606358238117
186	1.27606358238117
71	1.25435344901271
94	1.25435344901271
261	1.22317626095503
115	1.20567718956748
733	1.20416569948317
904	1.17715798633205
43	1.1704453855381
163	1.16791870210557
593	1.11501447437331
171	1.10557801140429
114	1.08257141992561
205	1.07365972636726
46	1.06879611061115
47	1.05071686266605
51	1.00751834229661
89	0.991908307430426
45	0.974130273097095
650	0.971737571407922
48	0.970068577684969
170	0.938658690548809
1497	0.930811637803199
2112	0.918281087406051
348	0.917371230260531
1211	0.806486547356918
256	0.802072500931379
153	0.799747187233089
161	0.799173903120912
472	0.794068599858168
362	0.788691656521538
1359	0.777377127786871
1357	0.777377127786871
97	0.771618173272568
359	0.766378851442102
60	0.762399015588167
1184	0.761654997404439
1183	0.761654997404439
1356	0.761565520925329
74	0.761560035965456
1216	0.761073990474022
174	0.759219015462742
595	0.755434375612481
167	0.755124078274038
1355	0.754969786656563
162	0.743082136584077
273	0.736303554979614
818	0.728421617803299
590	0.718064440186311
591	0.717794605595861
42	0.714668134900301
252	0.700265614641432
157	0.696777130282376
160	0.696777130282376
1527	0.680753715195879
1514	0.669764147117526
73	0.666893326701236
257	0.660178578952141
602	0.659957510054461
61	0.657555210260731
614	0.656721705725459
612	0.654359837241223
1477	0.653223626645368
254	0.647144228656806
253	0.647144228656806
363	0.646503026385121
589	0.641940428052021
2664	0.640756596130896
259	0.637406656487676
258	0.632855300556279
251	0.632855300556279
600	0.62885007931376
597	0.62885007931376
599	0.62885007931376
596	0.62885007931376
594	0.62885007931376
598	0.62885007931376
592	0.62885007931376
112	0.627176813469768
111	0.627176813469768
109	0.627176813469768
491	0.626462403888502
432	0.626202179149725
148	0.626073373776071
1481	0.620209062639248
1485	0.620209062639248
1476	0.620209062639248
1467	0.620209062639248
1480	0.620209062639248
1473	0.620209062639248
1470	0.620209062639248
1468	0.620209062639248
1478	0.620209062639248
1482	0.620209062639248
1471	0.620209062639248
1469	0.620209062639248
1479	0.620209062639248
1483	0.620209062639248
1474	0.620209062639248
1472	0.620209062639248
1484	0.620209062639248
1475	0.620209062639248
613	0.617696006817234
2658	0.613599411495016
164	0.611488121435755
435	0.607643169874593
1499	0.600858767684073
1496	0.598871113855293
1529	0.597427074831112
175	0.592311556979779
1213	0.590953251920735
154	0.589584800135481
87	0.588181240950663
139	0.584807692713979
616	0.575197318015268
173	0.57513757588882
1595	0.565197653511797
431	0.561245573518584
350	0.559936522994953
354	0.559936522994953
255	0.555464044396156
168	0.553979582504189
165	0.552853696606173
166	0.552853696606173
1417	0.551913655707729
1152	0.550449354340521
44	0.550186463801837
1535	0.548497702596974
1534	0.548497702596974
1263	0.546406089920718
172	0.545469538516413
667	0.542523799122895
1212	0.537531200521107
2667	0.53281833709764
2582	0.52895868502534
1281	0.528038294524706
2105	0.527630147064403
1498	0.522403638024617
39	0.514691595669019
40	0.510928718697748
2212	0.509799421423241
156	0.507679142426256
155	0.505798081725867
37	0.504466315042517
41	0.504466315042517
68	0.50084459447873
2718	0.49690019465993
2953	0.495725385618727
2144	0.494536004855817
722	0.489133953740165
712	0.489133953740165
716	0.489133953740165
723	0.489133953740165
709	0.489133953740165
695	0.489133953740165
717	0.489133953740165
727	0.489133953740165
720	0.489133953740165
694	0.489133953740165
719	0.489133953740165
697	0.489133953740165
721	0.489133953740165
708	0.488937606956671
729	0.488937606956671
699	0.488937606956671
726	0.488937606956671
713	0.488937606956671
706	0.488937606956671
701	0.488937606956671
714	0.488937606956671
702	0.488937606956671
715	0.488937606956671
718	0.488937606956671
693	0.488937606956671
707	0.488937606956671
703	0.488937606956671
711	0.488937606956671
705	0.488937606956671
698	0.488937606956671
700	0.488514458523852
556	0.488064492212078
95	0.487911200746519
2719	0.481641719384305
1314	0.480753229593925
2721	0.474843042415051
1269	0.473400890616377
63	0.47090139794376
1278	0.469430230299113
216	0.459595152001049
2556	0.45945772262886
732	0.45327354702053
2723	0.452512448288369
2720	0.452512448288369
2722	0.452512448288369
1185	0.451202052507455
1189	0.451202052507455
1188	0.451202052507455
1187	0.451202052507455
724	0.451087230703578
236	0.44877635206779
725	0.447020436939532
1712	0.445191280496236
169	0.445087148171484
84	0.442453861248383
479	0.441371366773022
59	0.439472812503141
1492	0.439335419750441
2193	0.4374920088758
2371	0.437245465537934
76	0.433049646127042
92	0.429923184623779
738	0.427818837695793
1543	0.424819351099075
235	0.42456703968283
1638	0.423356284146857
1637	0.423356284146857
1636	0.423356284146857
731	0.418667467083884
2114	0.415629209029179
107	0.411583609140766
263	0.410838403949577
2550	0.410568312657177
2564	0.410568312657177
366	0.406184761957448
344	0.404711674873087
268	0.402442960287397
433	0.401163987615181
1345	0.400580111382155
663	0.400360665384409
1315	0.399063816609865
669	0.398846406434703
2794	0.394639248709284
209	0.393496181100007
2576	0.392986676780683
2620	0.389568897922594
627	0.388036639253827
688	0.386136078832936
276	0.385210221120603
2323	0.384341187385018
1489	0.380705138268046
796	0.378543022524388
560	0.378399291062493
64	0.377387855434765
2569	0.376519070493528
606	0.376465522481731
2727	0.374750586621901
2730	0.374750586621901
2728	0.374750586621901
2724	0.374750586621901
2725	0.374750586621901
2726	0.374750586621901
2729	0.374750586621901
196	0.374107880132706
2734	0.374074333640252
581	0.370588412764481
443	0.370573142902928
2292	0.370444187801111
198	0.368305048517974
67	0.365765959786345
610	0.365005909280553
2290	0.364628861211105
2111	0.363971556193838
345	0.362126818111927
69	0.360657909167837
79	0.359144293254415
2293	0.357509110568392
533	0.357426603625364
361	0.356556202867371
83	0.353772835710381
2113	0.353767919470425
657	0.353740344180109
65	0.353437325488814
78	0.353378629997978
437	0.350749097393176
1524	0.350381306729295
62	0.350298357164756
1491	0.348791336999314
579	0.348629964681921
1743	0.348345022266106
1718	0.348345022266106
1730	0.348345022266106
1721	0.348345022266106
1727	0.348345022266106
1734	0.348345022266106
1733	0.348345022266106
1740	0.348345022266106
1738	0.348345022266106
1737	0.348345022266106
1726	0.348345022266106
1720	0.348345022266106
1729	0.348345022266106
1732	0.348345022266106
1728	0.348345022266106
1741	0.348345022266106
1723	0.348345022266106
1724	0.348345022266106
1725	0.348345022266106
1717	0.348345022266106
1736	0.348345022266106
1722	0.348345022266106
1731	0.348345022266106
1742	0.348345022266106
1735	0.348345022266106
1739	0.348345022266106
1719	0.348345022266106
567	0.348330822544178
93	0.347582353194069
2287	0.346917155515303
58	0.345737944904473
85	0.345737944904473
57	0.345737944904473
80	0.345737944904473
81	0.345737944904473
86	0.345737944904473
66	0.345737944904473
77	0.345737944904473
70	0.345737944904473
96	0.3438965747952
91	0.3438965747952
82	0.3438965747952
90	0.3438965747952
75	0.3438965747952
72	0.3438965747952
88	0.3438965747952
525	0.342936386469287
1045	0.342902892283362
98	0.34245619155604
355	0.341801276668417
221	0.340716529831569
2518	0.339569872112364
837	0.338336924540676
838	0.338336924540676
440	0.336831799437081
439	0.336831799437081
438	0.336831799437081
442	0.336831799437081
441	0.336831799437081
180	0.332079489267687
182	0.332079489267687
284	0.33136672680659
578	0.330033721625382
561	0.330033721625382
1526	0.328795349057325
1412	0.328632145869141
1415	0.328037051834837
562	0.328020600583537
571	0.328020600583537
213	0.327637328045414
661	0.325219039216791
660	0.325219039216791
672	0.325219039216791
501	0.324677169783266
2896	0.324386874299123
197	0.322036739358196
2109	0.32131758878949
203	0.321146813004877
191	0.320618807456291
192	0.320618807456291
199	0.320618807456291
195	0.320618807456291
193	0.320618807456291
189	0.320618807456291
194	0.320618807456291
190	0.320618807456291
2108	0.319868179685949
2101	0.319868179685949
653	0.316955260183058
569	0.313814123652624
558	0.313814123652624
573	0.313814123652624
545	0.313814123652624
574	0.313814123652624
566	0.313814123652624
584	0.313814123652624
554	0.313814123652624
552	0.313814123652624
563	0.313814123652624
546	0.313814123652624
570	0.313814123652624
559	0.313814123652624
580	0.313814123652624
568	0.313814123652624
575	0.313814123652624
565	0.313814123652624
553	0.313814123652624
555	0.313814123652624
547	0.313814123652624
549	0.313814123652624
583	0.313814123652624
564	0.313814123652624
576	0.313814123652624
550	0.313814123652624
572	0.313814123652624
548	0.313814123652624
582	0.313814123652624
557	0.313814123652624
585	0.313814123652624
551	0.313814123652624
652	0.312731230781069
655	0.312731230781069
656	0.312731230781069
654	0.312731230781069
651	0.312731230781069
2369	0.312618763143473
855	0.312318294485432
1525	0.310278353083603
208	0.309833506282268
1049	0.309341913396226
374	0.309199534993253
316	0.307123045196142
99	0.306599194275646
605	0.304682339027663
658	0.303114006958231
1425	0.302284536600581
260	0.301129701424762
1546	0.299070080538837
1545	0.299070080538837
1547	0.299070080538837
300	0.2988109587216
495	0.298805089385778
2264	0.29804146836275
1381	0.297224913873046
2732	0.296844059058513
2332	0.296764837275729
217	0.296068191956664
207	0.294332304124949
200	0.294332304124949
212	0.292874510956129
202	0.292874510956129
210	0.292874510956129
204	0.292874510956129
211	0.292874510956129
218	0.292874510956129
214	0.292874510956129
219	0.292874510956129
206	0.292874510956129
215	0.292874510956129
201	0.292874510956129
2294	0.292596305745472
1463	0.292393468451669
2793	0.292328514125867
2795	0.292328514125867
141	0.29157670759889
1044	0.290657666381041
1046	0.290657666381041
1047	0.290657666381041
1048	0.290657666381041
678	0.289150849537094
666	0.288195821091621
634	0.287994004753111
528	0.284696738641551
1873	0.284486998338203
102	0.283115644033419
1599	0.282722746608716
604	0.282301426079555
603	0.282301426079555
297	0.281737401625319
674	0.281294578539925
897	0.280669837103
224	0.280656421904493
2110	0.28014218603132
2115	0.28014218603132
1057	0.280126761510669
1657	0.277660188984762
101	0.277591613547054
1557	0.276610957359514
620	0.276424999975728
108	0.275620258352265
105	0.275620258352265
106	0.275620258352265
104	0.275620258352265
103	0.275620258352265
55	0.274443861084418
52	0.274443861084418
53	0.274443861084418
56	0.274443861084418
54	0.274443861084418
817	0.27354469083745
813	0.27354469083745
814	0.27354469083745
810	0.27354469083745
815	0.27354469083745
811	0.27354469083745
816	0.27354469083745
812	0.27354469083745
358	0.272974803929505
1505	0.272593874080284
740	0.272552618651753
1186	0.272060358688387
2354	0.271214599133164
2353	0.271214599133164
1531	0.270617499250691
1537	0.269919952146264
619	0.269145526506217
607	0.268744598394046
673	0.268438021207198
2137	0.268257748954478
679	0.266710036785321
677	0.266710036785321
2189	0.266642350402411
332	0.265616866904466
1951	0.265528026372388
323	0.265389450068527
742	0.264690292011063
2164	0.263960357787494
2186	0.263828950384221
980	0.26367493080531
2735	0.263529150723663
856	0.26283305356386
337	0.262052806031428
1282	0.261714707082425
335	0.260421021230542
1945	0.258607044260951
1530	0.258299926651707
1532	0.258061687833737
1252	0.2573464011561
340	0.257315195819157
1609	0.255913047162833
615	0.255174458984046
730	0.254178781381363
649	0.254007498776375
2165	0.252677392465621
659	0.252466623561063
643	0.252466623561063
130	0.252081724268567
1313	0.251965788197217
330	0.25119736019534
326	0.25119736019534
317	0.25119736019534
319	0.25119736019534
336	0.25119736019534
342	0.25119736019534
341	0.25119736019534
329	0.25119736019534
322	0.25119736019534
334	0.25119736019534
339	0.25119736019534
318	0.25119736019534
325	0.25119736019534
333	0.25119736019534
320	0.25119736019534
338	0.25119736019534
328	0.25119736019534
331	0.25119736019534
324	0.25119736019534
327	0.25119736019534
343	0.25119736019534
321	0.25119736019534
665	0.250488069904599
662	0.250488069904599
671	0.250488069904599
664	0.250488069904599
668	0.250488069904599
462	0.250111296670271
2361	0.249904367968146
739	0.249798382272856
237	0.24894214706001
885	0.248483560544835
1267	0.2483283843731
1533	0.247744048378483
470	0.247222042213839
2607	0.24711510284468
642	0.246954505193068
641	0.246954505193068
640	0.246954505193068
357	0.245858788633631
638	0.245710053006246
2621	0.245297600908584
1608	0.245102887597703
741	0.244935932014649
1316	0.24458684675964
1317	0.24458684675964
2182	0.242863919018956
1218	0.242722622935714
670	0.242211347481889
637	0.241173393656697
639	0.241173393656697
2791	0.240777621225467
636	0.240743955295174
1506	0.239644967094947
635	0.2391872750048
497	0.238398171958001
2554	0.238380859861119
1310	0.237123142880227
1421	0.236837399266296
2731	0.236106731134277
1539	0.235982876480776
222	0.235747745545831
1398	0.235673005193421
633	0.235076302611244
1781	0.234342383740335
1778	0.234342383740335
502	0.23405135273908
1311	0.232558422747772
2394	0.232451860835997
369	0.231134652765736
1493	0.23110091961762
2240	0.230766711556592
459	0.230643163191129
1309	0.230341627309829
1312	0.230341627309829
299	0.230119813909937
1566	0.229550356181606
1262	0.229486314316663
304	0.229048944074578
2431	0.229040870430745
1511	0.229033704547332
1346	0.228989014836648
1068	0.228219443927936
1544	0.228165694428189
301	0.227869918495235
682	0.227749642457022
681	0.227749642457022
675	0.227749642457022
680	0.227749642457022
683	0.227749642457022
676	0.227749642457022
1700	0.226916603638098
622	0.226900705808765
2209	0.226356893991624
1692	0.225031894897658
1202	0.224784486956545
534	0.224730800711426
467	0.224227062552589
1322	0.223769086288035
2575	0.223460281008886
1940	0.223394794872706
1691	0.223315145999082
1947	0.223026252973729
1069	0.222952917167003
1276	0.222380927735293
1273	0.222380927735293
1274	0.222380927735293
1277	0.222380927735293
1280	0.222380927735293
1279	0.222380927735293
1275	0.222380927735293
1072	0.222333212553447
751	0.222318965712582
1067	0.221982113172733
1066	0.221982113172733
1065	0.221982113172733
2591	0.221959941364619
908	0.221555514890907
1070	0.221168471616101
1071	0.221168471616101
314	0.221032205603461
2183	0.220851778949146
2351	0.220687657630135
2352	0.220687657630135
2507	0.22050646640399
743	0.220268707030685
744	0.220268707030685
831	0.219717429145106
2683	0.219417483627244
360	0.218719301145157
305	0.217931949610648
1536	0.217533271394423
803	0.217242680274873
302	0.2166462208891
624	0.215852610247261
2709	0.215409906463432
2390	0.214294029547026
1360	0.213260786000018
451	0.213243037162829
2198	0.21321627092174
1416	0.212970767413946
2700	0.212829511481103
2179	0.210712343480628
2181	0.210712343480628
1782	0.210346156475717
1847	0.210184352934825
1844	0.210184352934825
1845	0.210184352934825
1846	0.210184352934825
829	0.210090656895421
352	0.209972404657793
436	0.209694920841374
1420	0.209357553221246
1413	0.209357553221246
1541	0.209184737300011
1540	0.209184737300011
1538	0.209184737300011
1542	0.209184737300011
279	0.209135392334334
1358	0.209124886340311
2306	0.209063678116261
476	0.208080963266593
1203	0.207294004320893
2692	0.206905421988246
1495	0.205654722560168
2500	0.205495578161913
1257	0.205335102725221
298	0.205168305094563
303	0.205168305094563
295	0.205168305094563
296	0.205168305094563
791	0.204696901819057
790	0.204696901819057
794	0.204696901819057
793	0.204696901819057
789	0.204696901819057
875	0.204529568188317
873	0.204529568188317
874	0.204529568188317
2223	0.204324175886528
2221	0.204324175886528
245	0.204240826913069
1206	0.203803323569147
1205	0.203803323569147
1204	0.203803323569147
475	0.203530814992396
1810	0.203382556422642
1811	0.203382556422642
1809	0.203382556422642
1813	0.203382556422642
1812	0.203382556422642
1807	0.203382556422642
1808	0.203382556422642
2434	0.203311466575958
2106	0.202834442258333
2289	0.202407222878112
2587	0.201639254085511
1774	0.201443654985083
1775	0.201443654985083
537	0.201383764177751
797	0.200545263932223
478	0.20044513681769
2245	0.200398169608397
2188	0.199835395745069
1086	0.19978350720101
901	0.199718443326416
2194	0.198950716384093
2131	0.198950716384093
232	0.198914229390794
229	0.198914229390794
233	0.198914229390794
228	0.198914229390794
234	0.198914229390794
227	0.198914229390794
230	0.198914229390794
226	0.198914229390794
231	0.198914229390794
2496	0.19884625387968
465	0.198541906604344
1073	0.198252250658249
2590	0.197873082087545
2584	0.197873082087545
242	0.197742090329097
539	0.197728363110892
540	0.197728363110892
2010	0.197686565844975
802	0.197676168684356
788	0.197469932938738
463	0.197216589132243
461	0.197216589132243
460	0.197216589132243
792	0.197121999708717
1383	0.196974846827463
535	0.196918659060109
734	0.196566972348358
136	0.195963423390983
458	0.195522396344085
456	0.195522396344085
457	0.195522396344085
453	0.195522396344085
450	0.195522396344085
454	0.195522396344085
455	0.195522396344085
452	0.195522396344085
1268	0.195517774412133
2263	0.195352301561788
2177	0.195352301561788
1040	0.19491315532703
1486	0.19490931555203
449	0.194786702620346
448	0.194786702620346
447	0.194786702620346
1271	0.194766205626796
1272	0.194766205626796
1217	0.194576535448703
1517	0.194559424898126
1520	0.194559424898126
686	0.194132345347816
685	0.194132345347816
684	0.194132345347816
687	0.194132345347816
371	0.193772192289149
626	0.193713815580913
625	0.193713815580913
621	0.193713815580913
623	0.193713815580913
2717	0.19363447929665
521	0.193448719833465
833	0.193419502171035
1210	0.193171892480682
365	0.192834143618939
364	0.192834143618939
1716	0.192641335151791
2288	0.192596837683783
2291	0.192596837683783
246	0.192547289385029
1455	0.192402128648949
471	0.192142212327444
1699	0.192033061666432
1777	0.191958717416009
1780	0.191958717416009
1779	0.191958717416009
1961	0.191737536734741
1385	0.191626187912001
1690	0.191493591093477
1656	0.191203893683338
1655	0.191203893683338
917	0.191184116974002
916	0.191184116974002
918	0.191184116974002
1038	0.191097547254741
1041	0.191097547254741
1039	0.191097547254741
1256	0.190972092797612
902	0.190960682896688
542	0.190824256910171
543	0.190824256910171
538	0.190824256910171
2585	0.190556187631224
1266	0.190514346836766
1265	0.190514346836766
1264	0.190514346836766
247	0.190400758269647
243	0.190400758269647
238	0.190400758269647
248	0.190400758269647
250	0.190400758269647
249	0.190400758269647
240	0.190400758269647
239	0.190400758269647
244	0.190400758269647
241	0.190400758269647
1953	0.190342479593199
1954	0.190342479593199
609	0.190019653420264
608	0.190019653420264
611	0.190019653420264
2601	0.18969184979349
2606	0.18969184979349
2604	0.18969184979349
2605	0.18969184979349
768	0.189630179898827
835	0.189017823473921
832	0.189017823473921
1624	0.18840159086827
2247	0.188370280795515
468	0.188274349132133
1815	0.188146205417604
1051	0.187816802778319
1548	0.187567779223881
1395	0.186958078944281
1559	0.186870991755818
1558	0.186870991755818
1948	0.186741269269871
1396	0.186506861776763
1397	0.186506861776763
1394	0.186506861776763
1677	0.186202029908399
2559	0.185605591673013
1207	0.185227257241709
469	0.185022682762229
541	0.184775961587739
1354	0.184444440196634
826	0.184209085685683
2736	0.184194654431485
2733	0.183959785497419
2013	0.18374933296197
827	0.183696349946326
506	0.183182030383285
310	0.182685046780305
225	0.182427358928206
116	0.182133554268853
1695	0.182103658968356
306	0.181627632764552
1697	0.181468160403631
1693	0.181468160403631
2419	0.181447679765451
2499	0.181447679765451
2480	0.181447679765451
2401	0.181213602853643
2614	0.181017796621011
2613	0.181017796621011
496	0.180819267244238
2395	0.180684485427969
544	0.180346965803055
1435	0.18007843127974
1434	0.18007843127974
2555	0.179904912556625
1214	0.179839956973412
2180	0.179811666486579
2261	0.179433383649686
494	0.179331700637835
771	0.179145269295156
913	0.179135717730211
1406	0.179115707115881
505	0.178996193899026
1393	0.178879263709141
1771	0.17875574062015
1772	0.17875574062015
376	0.178227702834842
1342	0.178006101035182
1343	0.178006101035182
1344	0.178006101035182
1341	0.178006101035182
2596	0.177921132110495
2592	0.177921132110495
127	0.177783176809138
137	0.177783176809138
142	0.177783176809138
128	0.177783176809138
132	0.177783176809138
117	0.177783176809138
129	0.177783176809138
135	0.177783176809138
124	0.177783176809138
120	0.177783176809138
131	0.177783176809138
121	0.177783176809138
119	0.177783176809138
138	0.177783176809138
140	0.177783176809138
122	0.177783176809138
125	0.177783176809138
118	0.177783176809138
126	0.177783176809138
133	0.177783176809138
123	0.177783176809138
134	0.177783176809138
1033	0.177451870780526
1032	0.177451870780526
1037	0.177451870780526
1036	0.177451870780526
1035	0.177451870780526
1034	0.177451870780526
1372	0.177377649317816
1373	0.177377649317816
2224	0.177163397376608
2242	0.177163397376608
2206	0.177163397376608
2241	0.177163397376608
2205	0.177163397376608
2229	0.177163397376608
2243	0.177163397376608
2239	0.177163397376608
2195	0.177163397376608
2228	0.177163397376608
2204	0.177163397376608
2244	0.177163397376608
2267	0.177163397376608
2197	0.177163397376608
2225	0.177163397376608
2196	0.177163397376608
349	0.177116647093373
2602	0.17707112099285
2603	0.17707112099285
825	0.176956466236225
834	0.176956466236225
828	0.176956466236225
836	0.176956466236225
2185	0.176718400721888
2187	0.176718400721888
2184	0.176718400721888
1368	0.176630187580588
1370	0.176630187580588
1369	0.176630187580588
391	0.176494122550022
1560	0.176455417910554
1702	0.176450554570035
1701	0.176450554570035
1447	0.17643583451169
2116	0.176401459135109
2121	0.176401459135109
2122	0.176401459135109
2118	0.176401459135109
2117	0.176401459135109
2374	0.176346307604823
536	0.175768199593468
2583	0.175759802363295
2589	0.175759802363295
2580	0.175759802363295
2577	0.175759802363295
2588	0.175759802363295
2586	0.175759802363295
2578	0.175759802363295
2581	0.175759802363295
2579	0.175759802363295
2861	0.175683632436515
880	0.175145602706883
309	0.174939712965574
761	0.174875660125989
1601	0.174756681456961
289	0.174512545999857
1838	0.174294811311581
1561	0.174274027668621
1994	0.174215035497027
2541	0.174054278855513
2459	0.174054278855513
1631	0.174021353959838
1450	0.173853965177548
800	0.173848944113296
1848	0.173776397005445
1849	0.173776397005445
498	0.173405297949424
499	0.173405297949424
503	0.173405297949424
500	0.173405297949424
504	0.173405297949424
2891	0.173371576433652
1464	0.173253134428341
1466	0.173253134428341
280	0.173134306334689
1684	0.172922118272692
1681	0.172922118272692
1680	0.172922118272692
1685	0.172922118272692
1687	0.172922118272692
1686	0.172922118272692
1682	0.172922118272692
1683	0.172922118272692
690	0.172855868393549
689	0.172855868393549
1634	0.172725015378308
347	0.17270913241286
1676	0.172547448388733
777	0.172416579041336
1522	0.172376600092526
1510	0.172376600092526
1518	0.172376600092526
1528	0.172376600092526
1503	0.172376600092526
1509	0.172376600092526
1521	0.172376600092526
1501	0.172376600092526
1508	0.172376600092526
1512	0.172376600092526
1515	0.172376600092526
1507	0.172376600092526
1500	0.172376600092526
1519	0.172376600092526
1523	0.172376600092526
1513	0.172376600092526
1516	0.172376600092526
1773	0.172367581661973
1770	0.172367581661973
1769	0.172367581661973
1588	0.172279768327629
766	0.172042742785746
2208	0.171905217402322
2626	0.171894456644585
1760	0.171539329773733
1767	0.171539329773733
1758	0.171539329773733
1754	0.171539329773733
1764	0.171539329773733
1759	0.171539329773733
1755	0.171539329773733
1766	0.171539329773733
1763	0.171539329773733
1762	0.171539329773733
1765	0.171539329773733
1756	0.171539329773733
1753	0.171539329773733
1768	0.171539329773733
1757	0.171539329773733
1761	0.171539329773733
1347	0.171480822485155
1364	0.171424627937002
617	0.171353847488474
1839	0.171304524560422
477	0.171110098226895
474	0.171110098226895
464	0.171110098226895
473	0.171110098226895
466	0.171110098226895
377	0.170930898901159
1689	0.170751588566969
223	0.170585136786067
381	0.170505084664097
1850	0.170432645199607
1853	0.170432645199607
1796	0.170293887137399
2372	0.170190556265609
2974	0.170159019602176
1389	0.170053359589484
2971	0.169728628122946
830	0.169620155141353
2654	0.169487593933266
900	0.169469000516803
1378	0.169416524754806
1630	0.169377817143299
1430	0.169363681022623
1996	0.169330437826434
896	0.169247146134072
492	0.169163013285958
628	0.169114888192967
2273	0.168914495763874
346	0.168855384439512
1432	0.168798089422158
2142	0.168736986777012
2133	0.168736986777012
2145	0.168736986777012
2138	0.168736986777012
2135	0.168736986777012
2132	0.168736986777012
2143	0.168736986777012
1386	0.168639259698501
2120	0.168549653683414
952	0.168329727534649
953	0.168329727534649
948	0.168329727534649
955	0.168329727534649
1348	0.16813184539237
1209	0.168028397171012
1208	0.168028397171012
1303	0.168004506528387
870	0.16799274251148
894	0.167984950089767
2222	0.167943358244071
1390	0.167933308210158
787	0.167865250395418
786	0.167865250395418
1215	0.167817361855016
1688	0.167688164625015
1590	0.167540671318874
2385	0.166957887881272
801	0.166942124521051
804	0.166942124521051
266	0.166858151761624
429	0.166689637375522
1502	0.166611918899753
1818	0.166540732259657
1327	0.166445531095304
1990	0.166338227515845
2741	0.166245509489035
629	0.166177357148435
631	0.166177357148435
630	0.166177357148435
632	0.166177357148435
764	0.165734479624304
2384	0.165622762468339
963	0.165256123247571
962	0.165256123247571
883	0.165236348022726
881	0.165236348022726
884	0.165236348022726
882	0.165236348022726
887	0.165236348022726
2370	0.165070095733798
1031	0.165009005911193
799	0.16498362649891
1946	0.164980470817749
841	0.16491129176581
846	0.16491129176581
852	0.16491129176581
2266	0.164851023693456
876	0.164773141154287
2677	0.164708150079224
264	0.164673838877052
315	0.164560779866777
1582	0.164558131927878
1076	0.164343482534304
285	0.164315017461924
294	0.164315017461924
278	0.164315017461924
281	0.164315017461924
290	0.164315017461924
293	0.164315017461924
288	0.164315017461924
287	0.164315017461924
274	0.164315017461924
283	0.164315017461924
286	0.164315017461924
275	0.164315017461924
292	0.164315017461924
291	0.164315017461924
282	0.164315017461924
277	0.164315017461924
1494	0.16422825467774
1198	0.164092907177983
1191	0.164092907177983
410	0.164028718437166
891	0.163942834101386
2373	0.16379293997624
2375	0.16379293997624
2884	0.163710905185922
1371	0.163640347900228
2304	0.163611407386803
1627	0.163564952128578
1626	0.163564952128578
1628	0.163564952128578
1629	0.163564952128578
1822	0.163533856045105
2134	0.163434193835621
2139	0.163434193835621
1414	0.163113753610904
1418	0.163113753610904
1419	0.163113753610904
1426	0.162974696833138
1428	0.162974696833138
1429	0.162974696833138
1424	0.162974696833138
1423	0.162974696833138
1427	0.162974696833138
311	0.162936738665585
910	0.162795815755335
691	0.16277657444886
692	0.16277657444886
2005	0.162545075326144
821	0.162378913848246
824	0.162378913848246
820	0.162378913848246
819	0.162378913848246
823	0.162378913848246
822	0.162378913848246
2308	0.162370252524147
2130	0.162370252524147
2312	0.162370252524147
2307	0.162370252524147
2129	0.162370252524147
2313	0.162370252524147
2314	0.162370252524147
2310	0.162370252524147
2311	0.162370252524147
2128	0.162370252524147
2309	0.162370252524147
736	0.162286070089926
2994	0.162269190493189
2997	0.162269190493189
2871	0.162080370729717
2623	0.161894537862715
2624	0.161894537862715
2627	0.161894537862715
2632	0.161812705689066
1694	0.161759201753911
1704	0.161685140148291
2990	0.161612350042576
1305	0.161592844453766
1294	0.161592844453766
1301	0.161592844453766
1296	0.161592844453766
1293	0.161592844453766
1299	0.161592844453766
1304	0.161592844453766
1300	0.161592844453766
1297	0.161592844453766
1302	0.161592844453766
1298	0.161592844453766
1307	0.161592844453766
1308	0.161592844453766
1295	0.161592844453766
1306	0.161592844453766
2808	0.161456603847044
2814	0.161456603847044
2820	0.161456603847044
2827	0.161456603847044
2815	0.161456603847044
2806	0.161456603847044
2824	0.161456603847044
2825	0.161456603847044
2807	0.161456603847044
2813	0.161456603847044
2818	0.161456603847044
2828	0.161456603847044
2812	0.161456603847044
2830	0.161456603847044
2831	0.161456603847044
2817	0.161456603847044
2821	0.161456603847044
2826	0.161456603847044
2811	0.161456603847044
2829	0.161456603847044
2832	0.161456603847044
2810	0.161456603847044
2819	0.161456603847044
2822	0.161456603847044
2816	0.161456603847044
2823	0.161456603847044
2809	0.161456603847044
526	0.161427851964874
704	0.161384944932031
872	0.161238085244578
871	0.161238085244578
2691	0.161141664382149
1908	0.161000661851079
1906	0.161000661851079
1907	0.161000661851079
1860	0.16093653287187
1400	0.160917107375012
1402	0.160917107375012
1399	0.160917107375012
1401	0.160917107375012
2413	0.16090281750223
2863	0.160875321743626
2862	0.160875321743626
1776	0.160681874522254
1671	0.1606781417524
2799	0.160674976195551
1831	0.160634245568816
735	0.160622321989946
737	0.160622321989946
973	0.160520781509398
2400	0.16043253111283
2397	0.16043253111283
2396	0.16043253111283
2398	0.16043253111283
2399	0.16043253111283
1824	0.160376117592588
1995	0.160325204635694
2840	0.160288867933206
1852	0.160215420722216
1785	0.160212976457723
2699	0.160008735827587
2694	0.160008735827587
2696	0.160008735827587
2695	0.160008735827587
2697	0.160008735827587
2693	0.160008735827587
2698	0.160008735827587
272	0.159910055269531
271	0.159910055269531
1698	0.15980084974968
1633	0.159778140296445
1806	0.159747340207132
899	0.159644963146126
898	0.159644963146126
1024	0.15936438352868
2867	0.159088659167526
2866	0.159088659167526
2868	0.159088659167526
808	0.159071193562675
1490	0.159035630994213
886	0.159007845772539
853	0.158954150529452
849	0.158954150529452
388	0.158823562181505
2672	0.158807058652113
756	0.15880058274386
1042	0.158778162142464
389	0.15871169028899
1220	0.158694741738145
1221	0.158694741738145
2274	0.158637518289518
2326	0.158637518289518
2178	0.158637518289518
2325	0.158637518289518
2278	0.158637518289518
2339	0.158637518289518
2174	0.158637518289518
2337	0.158637518289518
2276	0.158637518289518
2176	0.158637518289518
2277	0.158637518289518
2324	0.158637518289518
2340	0.158637518289518
2338	0.158637518289518
2275	0.158637518289518
2336	0.158637518289518
2175	0.158637518289518
1431	0.158553222283681
1433	0.158553222283681
1052	0.158358442877773
1053	0.158358442877773
1969	0.158069567709799
1504	0.1580682113363
2362	0.158048033453506
2363	0.158048033453506
2356	0.158048033453506
2357	0.158048033453506
1351	0.15801348924625
1349	0.15801348924625
1240	0.157980805088151
1465	0.157856799353336
1794	0.157799388302605
1374	0.157717977334844
977	0.157631775525248
984	0.157631775525248
974	0.157631775525248
976	0.157631775525248
979	0.157631775525248
978	0.157631775525248
982	0.157631775525248
975	0.157631775525248
983	0.157631775525248
981	0.157631775525248
776	0.157539294972297
2014	0.157467972458454
2011	0.157467972458454
2009	0.157467972458454
2012	0.157467972458454
444	0.157449616001781
446	0.157449616001781
445	0.157449616001781
961	0.157131020701041
1219	0.157007245568335
1331	0.15699076501204
1330	0.15699076501204
1332	0.15699076501204
2355	0.156888080300968
1625	0.156843544710829
2782	0.156685311954981
2777	0.156685311954981
2783	0.156685311954981
2778	0.156685311954981
2780	0.156685311954981
2779	0.156685311954981
2784	0.156685311954981
2781	0.156685311954981
1487	0.15664663729017
1488	0.15664663729017
2565	0.156590520877735
2573	0.156590520877735
2553	0.156590520877735
2571	0.156590520877735
2560	0.156590520877735
2568	0.156590520877735
2574	0.156590520877735
2572	0.156590520877735
2551	0.156590520877735
2567	0.156590520877735
2557	0.156590520877735
2562	0.156590520877735
2552	0.156590520877735
2566	0.156590520877735
2561	0.156590520877735
2563	0.156590520877735
2570	0.156590520877735
2558	0.156590520877735
1834	0.156502650551915
403	0.156408945471222
1324	0.156251222860246
514	0.156209679974855
2119	0.156130102125647
2739	0.15611003121484
2738	0.15611003121484
2740	0.15611003121484
2737	0.15611003121484
857	0.156098894357375
413	0.156026892664659
1318	0.155967566988675
1319	0.155967566988675
2207	0.155962723095506
2262	0.155962723095506
2213	0.155962723095506
2260	0.155962723095506
941	0.155867624040529
942	0.155867624040529
1943	0.155721287746015
1942	0.155721287746015
1291	0.15568350876072
1290	0.15568350876072
1285	0.15568350876072
1288	0.15568350876072
1649	0.155556701533198
710	0.155546598276363
1411	0.155457931718495
1409	0.155457931718495
1410	0.155457931718495
2634	0.155443453790669
2630	0.155443453790669
2629	0.155443453790669
2638	0.155443453790669
2631	0.155443453790669
2639	0.155443453790669
2628	0.155443453790669
2635	0.155443453790669
2622	0.155443453790669
2633	0.155443453790669
2637	0.155443453790669
2625	0.155443453790669
2636	0.155443453790669
2640	0.155443453790669
1632	0.155420559064979
1250	0.155406622220605
2970	0.155287661282933
785	0.155286413474782
356	0.155233798199544
1283	0.155097689657957
1802	0.154931264081743
262	0.154910956570497
267	0.154910956570497
269	0.154910956570497
270	0.154910956570497
2644	0.154745838610932
752	0.154446853835906
508	0.154419962398097
509	0.154419962398097
507	0.154419962398097
511	0.154419962398097
510	0.154419962398097
493	0.15431569741002
1028	0.154312721889109
1029	0.154312721889109
1030	0.154312721889109
1027	0.154312721889109
1023	0.154312721889109
1022	0.154312721889109
1026	0.154312721889109
1020	0.154312721889109
1021	0.154312721889109
1025	0.154312721889109
860	0.154304512796805
867	0.154304512796805
862	0.154304512796805
869	0.154304512796805
866	0.154304512796805
861	0.154304512796805
865	0.154304512796805
864	0.154304512796805
868	0.154304512796805
863	0.154304512796805
2982	0.154275407568995
1635	0.154180076611803
1589	0.154139688814467
1592	0.154139688814467
1593	0.154139688814467
1591	0.154139688814467
858	0.154092334746258
2673	0.154022971712162
1259	0.153995040506661
1258	0.153995040506661
1261	0.153995040506661
1260	0.153995040506661
2833	0.153987033477937
2835	0.153987033477937
2834	0.153987033477937
2836	0.153987033477937
2218	0.153951921049725
2299	0.153951921049725
2295	0.153951921049725
2103	0.153951921049725
2296	0.153951921049725
2219	0.153951921049725
2104	0.153951921049725
2216	0.153951921049725
2220	0.153951921049725
2297	0.153951921049725
2214	0.153951921049725
2300	0.153951921049725
2217	0.153951921049725
2107	0.153951921049725
2298	0.153951921049725
2102	0.153951921049725
2301	0.153951921049725
2215	0.153951921049725
2801	0.153732459466918
1336	0.153684749344419
1334	0.153684749344419
1339	0.153684749344419
1337	0.153684749344419
1830	0.153649209334968
2154	0.153638765900711
2158	0.153638765900711
2161	0.153638765900711
2149	0.153638765900711
2162	0.153638765900711
2148	0.153638765900711
2156	0.153638765900711
2159	0.153638765900711
2152	0.153638765900711
2163	0.153638765900711
2147	0.153638765900711
2155	0.153638765900711
1795	0.153560054312575
648	0.1535295420282
644	0.1535295420282
647	0.1535295420282
646	0.1535295420282
645	0.1535295420282
1584	0.153485506289281
2711	0.1534444748194
1043	0.153266582179141
2650	0.153253023744182
2670	0.153253023744182
1751	0.153181130593956
408	0.153156157586698
2988	0.153033929553565
2989	0.153033929553565
2984	0.153033929553565
2985	0.153033929553565
2998	0.153033929553565
2993	0.153033929553565
2999	0.153033929553565
2996	0.153033929553565
2992	0.153033929553565
2986	0.153033929553565
3000	0.153033929553565
2995	0.153033929553565
2987	0.153033929553565
2983	0.153033929553565
2991	0.153033929553565
1642	0.153012803866594
1323	0.152975290902957
425	0.152947964406244
427	0.152947964406244
426	0.152947964406244
430	0.152947964406244
434	0.152947964406244
428	0.152947964406244
1320	0.152920947234907
895	0.152867500918957
2803	0.152809590886168
1991	0.152798372069734
1988	0.152798372069734
1993	0.152798372069734
1989	0.152798372069734
1992	0.152798372069734
1696	0.152785568974422
2136	0.152743496160018
877	0.152626801561093
878	0.152626801561093
2610	0.152603395083772
1585	0.152569631534245
1587	0.152569631534245
1586	0.152569631534245
1679	0.1525584417245
1678	0.1525584417245
1979	0.152525253872087
903	0.152499860775044
911	0.152499860775044
905	0.152499860775044
912	0.152499860775044
909	0.152499860775044
906	0.152499860775044
915	0.152499860775044
914	0.152499860775044
907	0.152499860775044
2203	0.15238516372091
2168	0.15238516372091
2258	0.15238516372091
2321	0.15238516372091
2200	0.15238516372091
2281	0.15238516372091
2125	0.15238516372091
2172	0.15238516372091
2253	0.15238516372091
2259	0.15238516372091
2265	0.15238516372091
2284	0.15238516372091
2254	0.15238516372091
2202	0.15238516372091
2171	0.15238516372091
2170	0.15238516372091
2126	0.15238516372091
2169	0.15238516372091
2199	0.15238516372091
2283	0.15238516372091
2127	0.15238516372091
2322	0.15238516372091
2319	0.15238516372091
2255	0.15238516372091
2123	0.15238516372091
2173	0.15238516372091
2201	0.15238516372091
2282	0.15238516372091
2257	0.15238516372091
2320	0.15238516372091
2256	0.15238516372091
2124	0.15238516372091
1968	0.152262936351135
1982	0.152262936351135
1958	0.152262936351135
1792	0.152134351732941
368	0.152102208123153
892	0.152032075181249
2674	0.152006182775257
1270	0.151903140718462
893	0.151877192934028
2967	0.15185562205914
1746	0.151715300508681
888	0.151713351591801
890	0.151713351591801
889	0.151713351591801
2615	0.151607840677187
2618	0.151607840677187
2616	0.151607840677187
2619	0.151607840677187
2617	0.151607840677187
1644	0.151494095412796
1647	0.151494095412796
1646	0.151494095412796
1645	0.151494095412796
1405	0.151491775599148
1408	0.151491775599148
1404	0.151491775599148
1407	0.151491775599148
1403	0.151491775599148
927	0.151419780739353
930	0.151419780739353
928	0.151419780739353
929	0.151419780739353
2359	0.151338382904705
2358	0.151338382904705
2716	0.151322913652728
1352	0.151205953770135
1353	0.151205953770135
1603	0.151198873544775
1602	0.151198873544775
1710	0.151197660811607
1707	0.151197660811607
1706	0.151197660811607
1709	0.151197660811607
1713	0.151197660811607
1708	0.151197660811607
1711	0.151197660811607
1376	0.151175670940776
2976	0.151174980760599
2972	0.151174980760599
2979	0.151174980760599
2977	0.151174980760599
2981	0.151174980760599
2973	0.151174980760599
2978	0.151174980760599
2980	0.151174980760599
2975	0.151174980760599
2940	0.151170942793301
1652	0.151139560912304
2237	0.151129988049946
2302	0.151129988049946
2234	0.151129988049946
2236	0.151129988049946
2303	0.151129988049946
2231	0.151129988049946
2235	0.151129988049946
2230	0.151129988049946
2232	0.151129988049946
2238	0.151129988049946
2305	0.151129988049946
2233	0.151129988049946
2869	0.151101249515008
1321	0.151098325438642
2932	0.151078929405887
1955	0.151059693085964
1715	0.150930814478071
1747	0.150930814478071
1745	0.150930814478071
353	0.150889001372627
351	0.150889001372627
416	0.150865104935412
1654	0.150821076201308
1643	0.150821076201308
1843	0.150809396751727
1840	0.150809396751727
1841	0.150809396751727
1842	0.150809396751727
795	0.150774055584464
798	0.150774055584464
775	0.150738281571447
1826	0.150715343257722
1867	0.150621317826708
1866	0.150621317826708
1872	0.150621317826708
1871	0.150621317826708
1869	0.150621317826708
1865	0.150621317826708
1870	0.150621317826708
1868	0.150621317826708
1422	0.150532401676864
1714	0.150491774364095
1228	0.15047424968124
486	0.150453861861063
490	0.150453861861063
481	0.150453861861063
488	0.150453861861063
483	0.150453861861063
487	0.150453861861063
482	0.150453861861063
480	0.150453861861063
484	0.150453861861063
485	0.150453861861063
489	0.150453861861063
2864	0.15043271455807
2865	0.15043271455807
940	0.150260093656265
931	0.150260093656265
935	0.150260093656265
938	0.150260093656265
932	0.150260093656265
939	0.150260093656265
936	0.150260093656265
934	0.150260093656265
933	0.150260093656265
937	0.150260093656265
780	0.15025179515862
308	0.150234050457667
307	0.150234050457667
313	0.150234050457667
312	0.150234050457667
1350	0.150209077620356
1863	0.150189199465431
1861	0.150189199465431
1862	0.150189199465431
1859	0.150189199465431
1858	0.150189199465431
1864	0.150189199465431
2331	0.150101853009049
2327	0.150101853009049
2328	0.150101853009049
2330	0.150101853009049
2333	0.150101853009049
2329	0.150101853009049
1050	0.149940090923457
1703	0.149920601492742
844	0.149893744191022
845	0.149893744191022
840	0.149893744191022
851	0.149893744191022
850	0.149893744191022
842	0.149893744191022
854	0.149893744191022
847	0.149893744191022
843	0.149893744191022
839	0.149893744191022
848	0.149893744191022
1583	0.14988565565158
728	0.149859523514287
696	0.149859523514287
1800	0.14980153830539
1648	0.149662699603809
1650	0.149662699603809
2599	0.149635699102108
2593	0.149635699102108
2598	0.149635699102108
2597	0.149635699102108
2595	0.149635699102108
2594	0.149635699102108
2600	0.149635699102108
1391	0.149566411817596
1392	0.149566411817596
968	0.149491400021026
967	0.149491400021026
964	0.149491400021026
972	0.149491400021026
966	0.149491400021026
969	0.149491400021026
971	0.149491400021026
965	0.149491400021026
970	0.149491400021026
1944	0.149422471851095
2787	0.149312846838969
2786	0.149312846838969
2785	0.149312846838969
2789	0.149312846838969
2788	0.149312846838969
2790	0.149312846838969
1640	0.149279931746208
1639	0.149279931746208
2754	0.149222456325485
2745	0.149222456325485
2765	0.149222456325485
2774	0.149222456325485
2763	0.149222456325485
2758	0.149222456325485
2751	0.149222456325485
2769	0.149222456325485
2753	0.149222456325485
2775	0.149222456325485
2764	0.149222456325485
2744	0.149222456325485
2762	0.149222456325485
2750	0.149222456325485
2757	0.149222456325485
2768	0.149222456325485
2742	0.149222456325485
2767	0.149222456325485
2776	0.149222456325485
2752	0.149222456325485
2761	0.149222456325485
2770	0.149222456325485
2772	0.149222456325485
2748	0.149222456325485
2756	0.149222456325485
2746	0.149222456325485
2749	0.149222456325485
2743	0.149222456325485
2760	0.149222456325485
2773	0.149222456325485
2771	0.149222456325485
2759	0.149222456325485
2766	0.149222456325485
2747	0.149222456325485
2755	0.149222456325485
1829	0.149203019133012
1063	0.149142060194577
1059	0.149142060194577
1058	0.149142060194577
1064	0.149142060194577
1055	0.149142060194577
1060	0.149142060194577
1061	0.149142060194577
1054	0.149142060194577
1062	0.149142060194577
1675	0.149081085774995
1672	0.149081085774995
1673	0.149081085774995
1674	0.149081085774995
2805	0.149000128372821
2404	0.148984128564761
2402	0.148984128564761
2403	0.148984128564761
2405	0.148984128564761
1816	0.148969215244815
1823	0.148969215244815
2002	0.14895341234396
2006	0.14895341234396
1998	0.14895341234396
2001	0.14895341234396
2000	0.14895341234396
1997	0.14895341234396
2008	0.14895341234396
2004	0.14895341234396
1999	0.14895341234396
2007	0.14895341234396
2003	0.14895341234396
1836	0.148938985292066
1805	0.148914192633497
1804	0.148914192633497
926	0.148897003589897
923	0.148897003589897
919	0.148897003589897
922	0.148897003589897
925	0.148897003589897
920	0.148897003589897
921	0.148897003589897
924	0.148897003589897
757	0.148889644645964
879	0.148827903919167
1799	0.148815650642057
1798	0.148815650642057
1797	0.148815650642057
1554	0.148799464505295
1550	0.148799464505295
1553	0.148799464505295
1556	0.148799464505295
1552	0.148799464505295
1555	0.148799464505295
1549	0.148799464505295
1551	0.148799464505295
2969	0.148780782595358
2792	0.14874684704323
759	0.148694517569357
1952	0.14869179049131
2366	0.148678766636592
2367	0.148678766636592
2364	0.148678766636592
2360	0.148678766636592
2368	0.148678766636592
2365	0.148678766636592
2285	0.148518039818974
2316	0.148518039818974
2270	0.148518039818974
2279	0.148518039818974
2318	0.148518039818974
2246	0.148518039818974
2280	0.148518039818974
2269	0.148518039818974
2335	0.148518039818974
2210	0.148518039818974
2249	0.148518039818974
2166	0.148518039818974
2317	0.148518039818974
2334	0.148518039818974
2167	0.148518039818974
2211	0.148518039818974
2315	0.148518039818974
2268	0.148518039818974
2286	0.148518039818974
2248	0.148518039818974
2853	0.148495875509815
2857	0.148495875509815
2855	0.148495875509815
2854	0.148495875509815
2858	0.148495875509815
2856	0.148495875509815
1462	0.148433490928665
1461	0.148433490928665
1744	0.14836443217783
2690	0.148342941827825
2686	0.148342941827825
2689	0.148342941827825
2688	0.148342941827825
2687	0.148342941827825
1801	0.148143220654416
1338	0.148127504179152
1335	0.148127504179152
1340	0.148127504179152
1251	0.14811942015958
1597	0.148042752465308
1600	0.148042752465308
1596	0.148042752465308
1594	0.148042752465308
1598	0.148042752465308
2646	0.14794409893103
398	0.147938077477985
2227	0.147895140538541
2250	0.147895140538541
2251	0.147895140538541
2226	0.147895140538541
2272	0.147895140538541
2271	0.147895140538541
2252	0.147895140538541
1437	0.147816582171123
1436	0.147816582171123
1909	0.14778544920622
1705	0.14775241677311
1783	0.14767943238314
1941	0.147675876028599
1784	0.147599677973845
1786	0.147599677973845
809	0.147483135889683
807	0.147483135889683
806	0.147483135889683
805	0.147483135889683
2611	0.147465522957188
2612	0.147465522957188
1949	0.147440397140282
1791	0.147428615793617
1793	0.147428615793617
2099	0.14742444799446
2100	0.14742444799446
2096	0.14742444799446
2097	0.14742444799446
2098	0.14742444799446
1752	0.147416594546577
2842	0.147395192779424
1457	0.147377240406001
1456	0.147377240406001
2191	0.147354980465538
2141	0.147354980465538
2192	0.147354980465538
2190	0.147354980465538
2140	0.147354980465538
2874	0.147344853708561
2875	0.147344853708561
1325	0.147333792333977
1333	0.147333792333977
1329	0.147333792333977
1326	0.147333792333977
1328	0.147333792333977
1641	0.147319767440073
1653	0.147295442399547
1651	0.147295442399547
518	0.147254591518164
1803	0.147204513985157
1905	0.147151444397269
1904	0.147151444397269
1857	0.146995472945087
2837	0.146919817860776
2838	0.146919817860776
2839	0.146919817860776
2849	0.146864062989231
2850	0.146864062989231
523	0.146853274526348
1458	0.146813293031908
1459	0.146813293031908
1460	0.146813293031908
1819	0.146726967052952
1827	0.146726967052952
1821	0.146726967052952
1820	0.146726967052952
1814	0.146726967052952
1825	0.146726967052952
1817	0.146726967052952
1828	0.146726967052952
2841	0.146648846092833
1855	0.146503945225655
1854	0.146503945225655
1856	0.146503945225655
2860	0.146447684541938
2859	0.146447684541938
2387	0.14642313290024
2376	0.14642313290024
2383	0.14642313290024
2380	0.14642313290024
2377	0.14642313290024
2386	0.14642313290024
2393	0.14642313290024
2392	0.14642313290024
2379	0.14642313290024
2389	0.14642313290024
2382	0.14642313290024
2388	0.14642313290024
2391	0.14642313290024
2381	0.14642313290024
2378	0.14642313290024
2804	0.146399122751656
2705	0.146314653215869
2710	0.146314653215869
2712	0.146314653215869
2715	0.146314653215869
2702	0.146314653215869
2706	0.146314653215869
2703	0.146314653215869
2704	0.146314653215869
2707	0.146314653215869
2714	0.146314653215869
2708	0.146314653215869
2713	0.146314653215869
2701	0.146314653215869
1197	0.14629057301175
1193	0.14629057301175
1194	0.14629057301175
1199	0.14629057301175
1190	0.14629057301175
1201	0.14629057301175
1195	0.14629057301175
1196	0.14629057301175
1200	0.14629057301175
1192	0.14629057301175
1748	0.146275856198778
1749	0.146275856198778
1750	0.146275856198778
2843	0.146231536069536
1851	0.146150233911964
517	0.146150109379677
943	0.146137605007843
951	0.146137605007843
956	0.146137605007843
960	0.146137605007843
944	0.146137605007843
957	0.146137605007843
949	0.146137605007843
946	0.146137605007843
954	0.146137605007843
958	0.146137605007843
945	0.146137605007843
959	0.146137605007843
950	0.146137605007843
947	0.146137605007843
2146	0.146093471130434
2150	0.146093471130434
2153	0.146093471130434
2157	0.146093471130434
2160	0.146093471130434
2151	0.146093471130434
2847	0.146090653560367
2848	0.146090653560367
1229	0.146052499058097
1231	0.146052499058097
1249	0.146052499058097
1225	0.146052499058097
1246	0.146052499058097
1239	0.146052499058097
1245	0.146052499058097
1241	0.146052499058097
1222	0.146052499058097
1235	0.146052499058097
1230	0.146052499058097
1247	0.146052499058097
1242	0.146052499058097
1238	0.146052499058097
1223	0.146052499058097
1234	0.146052499058097
1226	0.146052499058097
1232	0.146052499058097
1224	0.146052499058097
1237	0.146052499058097
1248	0.146052499058097
1227	0.146052499058097
2800	0.14589443374245
2802	0.14589443374245
1253	0.145779535425355
1254	0.145779535425355
1255	0.145779535425355
2872	0.145746023454592
2870	0.145746023454592
2873	0.145746023454592
1375	0.145732581043303
1580	0.145693573366102
1567	0.145693573366102
1574	0.145693573366102
1579	0.145693573366102
1562	0.145693573366102
1570	0.145693573366102
1575	0.145693573366102
1565	0.145693573366102
1571	0.145693573366102
1576	0.145693573366102
1577	0.145693573366102
1572	0.145693573366102
1563	0.145693573366102
1564	0.145693573366102
1569	0.145693573366102
1573	0.145693573366102
1568	0.145693573366102
1581	0.145693573366102
1578	0.145693573366102
2425	0.145657687728271
2460	0.145657687728271
2510	0.145657687728271
2458	0.145657687728271
2441	0.145657687728271
2414	0.145657687728271
2479	0.145657687728271
2482	0.145657687728271
2522	0.145657687728271
2415	0.145657687728271
2467	0.145657687728271
2436	0.145657687728271
2476	0.145657687728271
2409	0.145657687728271
2455	0.145657687728271
2453	0.145657687728271
2533	0.145657687728271
2468	0.145657687728271
2543	0.145657687728271
2505	0.145657687728271
2525	0.145657687728271
2514	0.145657687728271
2501	0.145657687728271
2418	0.145657687728271
2446	0.145657687728271
2421	0.145657687728271
2428	0.145657687728271
2472	0.145657687728271
2532	0.145657687728271
2497	0.145657687728271
2433	0.145657687728271
2463	0.145657687728271
2493	0.145657687728271
2523	0.145657687728271
2536	0.145657687728271
2483	0.145657687728271
2540	0.145657687728271
2461	0.145657687728271
2442	0.145657687728271
2477	0.145657687728271
2457	0.145657687728271
2411	0.145657687728271
2408	0.145657687728271
2416	0.145657687728271
2464	0.145657687728271
2517	0.145657687728271
2527	0.145657687728271
2424	0.145657687728271
2437	0.145657687728271
2531	0.145657687728271
2410	0.145657687728271
2485	0.145657687728271
2430	0.145657687728271
2512	0.145657687728271
2513	0.145657687728271
2454	0.145657687728271
2452	0.145657687728271
2544	0.145657687728271
2489	0.145657687728271
2509	0.145657687728271
2473	0.145657687728271
2492	0.145657687728271
2427	0.145657687728271
2447	0.145657687728271
2420	0.145657687728271
2526	0.145657687728271
2516	0.145657687728271
2538	0.145657687728271
2448	0.145657687728271
2406	0.145657687728271
2474	0.145657687728271
2504	0.145657687728271
2524	0.145657687728271
2528	0.145657687728271
2545	0.145657687728271
2451	0.145657687728271
2407	0.145657687728271
2443	0.145657687728271
2423	0.145657687728271
2465	0.145657687728271
2495	0.145657687728271
2486	0.145657687728271
2438	0.145657687728271
2470	0.145657687728271
2539	0.145657687728271
2547	0.145657687728271
2491	0.145657687728271
2530	0.145657687728271
2535	0.145657687728271
2412	0.145657687728271
2475	0.145657687728271
2542	0.145657687728271
2498	0.145657687728271
2450	0.145657687728271
2549	0.145657687728271
2466	0.145657687728271
2503	0.145657687728271
2478	0.145657687728271
2449	0.145657687728271
2521	0.145657687728271
2435	0.145657687728271
2519	0.145657687728271
2426	0.145657687728271
2432	0.145657687728271
2508	0.145657687728271
2502	0.145657687728271
2537	0.145657687728271
2529	0.145657687728271
2484	0.145657687728271
2444	0.145657687728271
2511	0.145657687728271
2546	0.145657687728271
2494	0.145657687728271
2548	0.145657687728271
2471	0.145657687728271
2440	0.145657687728271
2445	0.145657687728271
2429	0.145657687728271
2490	0.145657687728271
2534	0.145657687728271
2439	0.145657687728271
2506	0.145657687728271
2422	0.145657687728271
2462	0.145657687728271
2481	0.145657687728271
2469	0.145657687728271
2456	0.145657687728271
2515	0.145657687728271
2417	0.145657687728271
2520	0.145657687728271
2488	0.145657687728271
2487	0.145657687728271
1289	0.145561853131197
1284	0.145561853131197
1286	0.145561853131197
1292	0.145561853131197
1287	0.145561853131197
2676	0.145490782365373
2682	0.145490782365373
2678	0.145490782365373
2681	0.145490782365373
2675	0.145490782365373
2680	0.145490782365373
2679	0.145490782365373
2685	0.145490782365373
2684	0.145490782365373
2671	0.145490782365373
1789	0.145478134274283
1788	0.145478134274283
1787	0.145478134274283
1790	0.145478134274283
2796	0.145365741454763
2797	0.145365741454763
2798	0.145365741454763
1056	0.145317241609439
2845	0.14526415801899
2846	0.14526415801899
2350	0.14519141770776
2349	0.14519141770776
2343	0.14519141770776
2348	0.14519141770776
2347	0.14519141770776
2345	0.14519141770776
2342	0.14519141770776
2341	0.14519141770776
2346	0.14519141770776
2344	0.14519141770776
1932	0.145178794302
1935	0.145178794302
1927	0.145178794302
1921	0.145178794302
1913	0.145178794302
1926	0.145178794302
1922	0.145178794302
1910	0.145178794302
1933	0.145178794302
1929	0.145178794302
1936	0.145178794302
1930	0.145178794302
1925	0.145178794302
1917	0.145178794302
1924	0.145178794302
1911	0.145178794302
1937	0.145178794302
1920	0.145178794302
1928	0.145178794302
1914	0.145178794302
1919	0.145178794302
1938	0.145178794302
1934	0.145178794302
1916	0.145178794302
1931	0.145178794302
1939	0.145178794302
1923	0.145178794302
1912	0.145178794302
1915	0.145178794302
1918	0.145178794302
778	0.145090983651355
1623	0.145080516859553
1621	0.145080516859553
1620	0.145080516859553
1622	0.145080516859553
1619	0.145080516859553
1950	0.144887457581907
2851	0.144803045400664
2852	0.144803045400664
1363	0.144535587592538
1367	0.144535587592538
1361	0.144535587592538
1365	0.144535587592538
1362	0.144535587592538
1366	0.144535587592538
2015	0.144323835770164
2844	0.144283102886899
1442	0.144280530938833
1443	0.144280530938833
1441	0.144280530938833
1438	0.144280530938833
1440	0.144280530938833
1439	0.144280530938833
1011	0.144242718565342
1019	0.144242718565342
990	0.144242718565342
1001	0.144242718565342
988	0.144242718565342
1018	0.144242718565342
1007	0.144242718565342
998	0.144242718565342
987	0.144242718565342
995	0.144242718565342
1015	0.144242718565342
1012	0.144242718565342
1006	0.144242718565342
996	0.144242718565342
991	0.144242718565342
1004	0.144242718565342
1013	0.144242718565342
992	0.144242718565342
1000	0.144242718565342
999	0.144242718565342
985	0.144242718565342
1003	0.144242718565342
997	0.144242718565342
1016	0.144242718565342
993	0.144242718565342
1002	0.144242718565342
1014	0.144242718565342
1005	0.144242718565342
994	0.144242718565342
1017	0.144242718565342
986	0.144242718565342
1008	0.144242718565342
1010	0.144242718565342
989	0.144242718565342
1009	0.144242718565342
375	0.144233535723019
387	0.144233535723019
395	0.144233535723019
412	0.144233535723019
383	0.144233535723019
419	0.144233535723019
406	0.144233535723019
421	0.144233535723019
382	0.144233535723019
367	0.144233535723019
405	0.144233535723019
392	0.144233535723019
399	0.144233535723019
386	0.144233535723019
372	0.144233535723019
414	0.144233535723019
423	0.144233535723019
422	0.144233535723019
402	0.144233535723019
407	0.144233535723019
396	0.144233535723019
378	0.144233535723019
415	0.144233535723019
417	0.144233535723019
373	0.144233535723019
400	0.144233535723019
393	0.144233535723019
424	0.144233535723019
385	0.144233535723019
397	0.144233535723019
401	0.144233535723019
404	0.144233535723019
390	0.144233535723019
418	0.144233535723019
379	0.144233535723019
370	0.144233535723019
380	0.144233535723019
394	0.144233535723019
409	0.144233535723019
411	0.144233535723019
384	0.144233535723019
420	0.144233535723019
520	0.144217815258983
527	0.144217815258983
2017	0.144155247346448
2016	0.144155247346448
1446	0.144103457513335
1448	0.144103457513335
1973	0.143957941518634
1178	0.143823674094667
1109	0.143823674094667
1172	0.143823674094667
1135	0.143823674094667
1168	0.143823674094667
1089	0.143823674094667
1084	0.143823674094667
1161	0.143823674094667
1074	0.143823674094667
1182	0.143823674094667
1141	0.143823674094667
1155	0.143823674094667
1112	0.143823674094667
1156	0.143823674094667
1146	0.143823674094667
1098	0.143823674094667
1101	0.143823674094667
1165	0.143823674094667
1125	0.143823674094667
1150	0.143823674094667
1142	0.143823674094667
1179	0.143823674094667
1104	0.143823674094667
1133	0.143823674094667
1118	0.143823674094667
1164	0.143823674094667
1094	0.143823674094667
1159	0.143823674094667
1083	0.143823674094667
1131	0.143823674094667
1138	0.143823674094667
1173	0.143823674094667
1148	0.143823674094667
1129	0.143823674094667
1143	0.143823674094667
1181	0.143823674094667
1154	0.143823674094667
1157	0.143823674094667
1160	0.143823674094667
1122	0.143823674094667
1077	0.143823674094667
1088	0.143823674094667
1115	0.143823674094667
1113	0.143823674094667
1147	0.143823674094667
1139	0.143823674094667
1097	0.143823674094667
1121	0.143823674094667
1102	0.143823674094667
1167	0.143823674094667
1093	0.143823674094667
1158	0.143823674094667
1082	0.143823674094667
1105	0.143823674094667
1132	0.143823674094667
1124	0.143823674094667
1163	0.143823674094667
1162	0.143823674094667
1171	0.143823674094667
1123	0.143823674094667
1180	0.143823674094667
1130	0.143823674094667
1153	0.143823674094667
1144	0.143823674094667
1107	0.143823674094667
1149	0.143823674094667
1087	0.143823674094667
1174	0.143823674094667
1128	0.143823674094667
1106	0.143823674094667
1116	0.143823674094667
1177	0.143823674094667
1127	0.143823674094667
1166	0.143823674094667
1092	0.143823674094667
1078	0.143823674094667
1114	0.143823674094667
1096	0.143823674094667
1119	0.143823674094667
1081	0.143823674094667
1170	0.143823674094667
1169	0.143823674094667
1145	0.143823674094667
1110	0.143823674094667
1090	0.143823674094667
1075	0.143823674094667
1103	0.143823674094667
1140	0.143823674094667
1111	0.143823674094667
1108	0.143823674094667
1136	0.143823674094667
1175	0.143823674094667
1176	0.143823674094667
1099	0.143823674094667
1091	0.143823674094667
1080	0.143823674094667
1117	0.143823674094667
1126	0.143823674094667
1085	0.143823674094667
1079	0.143823674094667
1137	0.143823674094667
1120	0.143823674094667
1095	0.143823674094667
1151	0.143823674094667
1134	0.143823674094667
1100	0.143823674094667
1833	0.143778138781455
1835	0.143778138781455
1832	0.143778138781455
1837	0.143778138781455
1614	0.143710687223849
1617	0.143710687223849
1613	0.143710687223849
1606	0.143710687223849
1611	0.143710687223849
1616	0.143710687223849
1615	0.143710687223849
1605	0.143710687223849
1612	0.143710687223849
1607	0.143710687223849
1618	0.143710687223849
1604	0.143710687223849
1610	0.143710687223849
1387	0.14348305557477
1380	0.14348305557477
1388	0.14348305557477
1384	0.14348305557477
1379	0.14348305557477
1382	0.14348305557477
1377	0.14348305557477
2608	0.143174963548817
2609	0.143174963548817
770	0.142833032169732
784	0.142833032169732
746	0.142833032169732
754	0.142833032169732
765	0.142833032169732
747	0.142833032169732
760	0.142833032169732
1454	0.14273290048103
1451	0.14273290048103
1453	0.14273290048103
1449	0.14273290048103
1445	0.14273290048103
1452	0.14273290048103
1444	0.14273290048103
1244	0.142649301563844
1233	0.142649301563844
1243	0.142649301563844
1236	0.142649301563844
859	0.142572633835507
512	0.142523707207057
532	0.142523707207057
529	0.142523707207057
515	0.142523707207057
519	0.142523707207057
524	0.142523707207057
522	0.142523707207057
516	0.142523707207057
530	0.142523707207057
513	0.142523707207057
531	0.142523707207057
2927	0.142523234106774
2915	0.142523234106774
2907	0.142523234106774
2939	0.142523234106774
2958	0.142523234106774
2937	0.142523234106774
2910	0.142523234106774
2882	0.142523234106774
2944	0.142523234106774
2876	0.142523234106774
2893	0.142523234106774
2886	0.142523234106774
2936	0.142523234106774
2919	0.142523234106774
2911	0.142523234106774
2961	0.142523234106774
2960	0.142523234106774
2948	0.142523234106774
2949	0.142523234106774
2922	0.142523234106774
2909	0.142523234106774
2920	0.142523234106774
2930	0.142523234106774
2897	0.142523234106774
2890	0.142523234106774
2926	0.142523234106774
2931	0.142523234106774
2883	0.142523234106774
2965	0.142523234106774
2951	0.142523234106774
2888	0.142523234106774
2908	0.142523234106774
2947	0.142523234106774
2954	0.142523234106774
2943	0.142523234106774
2912	0.142523234106774
2877	0.142523234106774
2935	0.142523234106774
2879	0.142523234106774
2887	0.142523234106774
2962	0.142523234106774
2903	0.142523234106774
2955	0.142523234106774
2921	0.142523234106774
2916	0.142523234106774
2894	0.142523234106774
2898	0.142523234106774
2942	0.142523234106774
2889	0.142523234106774
2924	0.142523234106774
2901	0.142523234106774
2952	0.142523234106774
2966	0.142523234106774
2900	0.142523234106774
2905	0.142523234106774
2963	0.142523234106774
2959	0.142523234106774
2925	0.142523234106774
2917	0.142523234106774
2929	0.142523234106774
2956	0.142523234106774
2946	0.142523234106774
2878	0.142523234106774
2934	0.142523234106774
2904	0.142523234106774
2913	0.142523234106774
2895	0.142523234106774
2957	0.142523234106774
2899	0.142523234106774
2941	0.142523234106774
2923	0.142523234106774
2950	0.142523234106774
2902	0.142523234106774
2938	0.142523234106774
2964	0.142523234106774
2918	0.142523234106774
2881	0.142523234106774
2880	0.142523234106774
2892	0.142523234106774
2914	0.142523234106774
2906	0.142523234106774
2933	0.142523234106774
2945	0.142523234106774
2928	0.142523234106774
2968	0.142523234106774
2885	0.142523234106774
1887	0.142395581263313
1877	0.142395581263313
1901	0.142395581263313
1890	0.142395581263313
1882	0.142395581263313
1898	0.142395581263313
1895	0.142395581263313
1880	0.142395581263313
1876	0.142395581263313
1886	0.142395581263313
1902	0.142395581263313
1892	0.142395581263313
1899	0.142395581263313
1891	0.142395581263313
1903	0.142395581263313
1893	0.142395581263313
1874	0.142395581263313
1885	0.142395581263313
1879	0.142395581263313
1900	0.142395581263313
1875	0.142395581263313
1889	0.142395581263313
1896	0.142395581263313
1894	0.142395581263313
1884	0.142395581263313
1878	0.142395581263313
1881	0.142395581263313
1888	0.142395581263313
1897	0.142395581263313
1883	0.142395581263313
1667	0.142106230635804
1664	0.142106230635804
1662	0.142106230635804
1668	0.142106230635804
1661	0.142106230635804
1663	0.142106230635804
1660	0.142106230635804
1669	0.142106230635804
1670	0.142106230635804
1666	0.142106230635804
1659	0.142106230635804
1658	0.142106230635804
1665	0.142106230635804
2642	0.141723594188086
2641	0.141723594188086
2665	0.141723594188086
2657	0.141723594188086
2648	0.141723594188086
2668	0.141723594188086
2651	0.141723594188086
2649	0.141723594188086
2643	0.141723594188086
2655	0.141723594188086
2652	0.141723594188086
2663	0.141723594188086
2661	0.141723594188086
2659	0.141723594188086
2645	0.141723594188086
2666	0.141723594188086
2653	0.141723594188086
2656	0.141723594188086
2647	0.141723594188086
2660	0.141723594188086
2662	0.141723594188086
2669	0.141723594188086
2067	0.141713482494688
2086	0.141713482494688
2088	0.141713482494688
2045	0.141713482494688
2033	0.141713482494688
2034	0.141713482494688
2029	0.141713482494688
2093	0.141713482494688
2075	0.141713482494688
2081	0.141713482494688
2056	0.141713482494688
2037	0.141713482494688
2019	0.141713482494688
2041	0.141713482494688
2062	0.141713482494688
2024	0.141713482494688
2059	0.141713482494688
2071	0.141713482494688
2076	0.141713482494688
2095	0.141713482494688
2021	0.141713482494688
2038	0.141713482494688
2048	0.141713482494688
2032	0.141713482494688
2085	0.141713482494688
2043	0.141713482494688
2072	0.141713482494688
2069	0.141713482494688
2055	0.141713482494688
2028	0.141713482494688
2064	0.141713482494688
2022	0.141713482494688
2080	0.141713482494688
2044	0.141713482494688
2025	0.141713482494688
2058	0.141713482494688
2077	0.141713482494688
2036	0.141713482494688
2068	0.141713482494688
2018	0.141713482494688
2051	0.141713482494688
2084	0.141713482494688
2090	0.141713482494688
2063	0.141713482494688
2040	0.141713482494688
2073	0.141713482494688
2054	0.141713482494688
2061	0.141713482494688
2047	0.141713482494688
2078	0.141713482494688
2023	0.141713482494688
2050	0.141713482494688
2074	0.141713482494688
2065	0.141713482494688
2060	0.141713482494688
2031	0.141713482494688
2083	0.141713482494688
2026	0.141713482494688
2091	0.141713482494688
2070	0.141713482494688
2020	0.141713482494688
2046	0.141713482494688
2052	0.141713482494688
2066	0.141713482494688
2079	0.141713482494688
2035	0.141713482494688
2089	0.141713482494688
2087	0.141713482494688
2082	0.141713482494688
2049	0.141713482494688
2057	0.141713482494688
2042	0.141713482494688
2039	0.141713482494688
2094	0.141713482494688
2030	0.141713482494688
2053	0.141713482494688
2027	0.141713482494688
2092	0.141713482494688
782	0.141460731644519
781	0.141460731644519
748	0.141460731644519
763	0.141460731644519
772	0.141460731644519
769	0.141460731644519
753	0.141460731644519
749	0.141460731644519
758	0.141460731644519
762	0.141460731644519
773	0.141460731644519
767	0.141460731644519
783	0.141460731644519
745	0.141460731644519
750	0.141460731644519
774	0.141460731644519
755	0.141460731644519
779	0.141460731644519
1975	0.141136574528118
1983	0.141136574528118
1981	0.141136574528118
1984	0.141136574528118
1957	0.141136574528118
1976	0.141136574528118
1974	0.141136574528118
1972	0.141136574528118
1963	0.141136574528118
1987	0.141136574528118
1964	0.141136574528118
1960	0.141136574528118
1956	0.141136574528118
1977	0.141136574528118
1959	0.141136574528118
1967	0.141136574528118
1986	0.141136574528118
1978	0.141136574528118
1971	0.141136574528118
1980	0.141136574528118
1965	0.141136574528118
1962	0.141136574528118
1970	0.141136574528118
1966	0.141136574528118
1985	0.141136574528118
618	0.139761942375159
