72
385
107
1407
1316
121
2776
1406
344
2737
496
2738
2600
1317
1954
1404
437
1243
2614
2743
2761
2745
2749
439
2771
2774
2773
2755
2763
2742
2758
2762
2744
2760
2775
2770
2756
2759
2766
2748
2765
2757
442
1315
2767
2754
2746
2769
1237
1408
2768
2610
2747
2753
2752
2764
670
2003
1624
1257
2064
443
827
2607
1405
1230
2823
1229
2704
855
89
1247
2782
2780
2781
1440
627
2810
2784
822
1277
80
1233
1808
1038
2751
195
1240
2370
225
1772
2779
2010
2636
2874
2772
1390
2028
2852
2740
36
653
190
441
1314
83
77
621
2824
2741
2007
2739
986
667
1649
1235
1245
1232
1223
1238
1242
1248
1241
1239
1249
1222
1227
1224
1226
1246
1234
1231
1041
2706
2713
2716
1794
2538
2510
2609
1225
388
1378
168
183
227
229
2821
1043
664
652
2809
1827
1979
384
194
170
620
191
1236
1389
255
2825
2808
41
2550
2647
1824
464
1999
1047
1029
199
473
12
1745
687
66
134
617
2073
1592
1839
696
2750
2820
1988
2019
49
166
1264
2009
188
474
1205
2871
2875
2844
2
1854
1625
1388
2026
657
2832
2608
185
658
197
2807
2727
156
1273
2723
172
19
603
1564
518
624
11
1639
2645
299
681
265
1382
198
203
2011
193
1803
2039
347
251
475
1049
683
2005
1374
738
2815
33
2806
791
38
2660
1685
148
1830
1997
2569
336
1805
754
752
2811
1228
257
1217
1981
2116
387
2013
17
1203
1628
513
2121
2659
202
794
1583
1048
13
71
220
2829
2835
2819
189
2827
440
976
2599
2818
1373
304
469
682
789
793
671
654
2613
1678
826
1996
1280
790
661
1585
1204
1601
628
305
61
